2020 2 20 22 9
2020 2 20 22 10
2020 2 20 22 10
2020 2 20 22 10
2020 2 20 22 10
2020 2 20 22 10
2020 2 20 22 11
2020 2 20 22 11
2020 2 20 22 11
2020 2 20 22 11
2020 2 20 22 11
2020 2 20 22 11
2020 2 20 22 11
2020 2 20 22 11
2020 2 20 22 18
2020 2 20 22 18
2020 2 20 22 33
2020 2 20 22 33
2020 2 20 22 33
2020 2 20 22 33
2020 2 20 22 33
2020 2 20 22 34
2020 2 20 22 34
2020 2 20 22 34
2020 2 20 22 34
2020 2 20 22 34
2020 2 20 22 35
2020 2 20 22 35
2020 2 20 22 35
2020 2 20 22 35
2020 2 20 22 36
2020 2 20 22 36
2020 2 20 22 36
2020 2 20 22 36
2020 2 20 22 44
2020 2 20 23 14
2020 2 20 23 15
2020 2 20 23 16
2020 2 20 23 20
2020 2 20 23 41
2020 2 20 23 42
2020 2 20 23 42
2020 2 20 23 42
2020 2 20 23 42
2020 2 20 23 42
2020 2 20 23 42
2020 2 20 23 42
2020 2 20 23 42
2020 2 20 23 42
2020 2 20 23 42
2020 2 20 23 42
2020 2 20 23 43
2020 2 20 23 43
2020 2 20 23 43
2020 2 20 23 43
2020 2 20 23 43
2020 2 21 0 11
2020 2 21 0 11
2020 2 21 0 11
2020 2 21 0 12
2020 2 21 0 12
2020 2 21 0 13
2020 2 21 0 13
2020 2 21 0 18
2020 2 21 0 18
2020 2 21 0 18
2020 2 21 0 18
2020 2 21 0 58
2020 2 21 0 58
2020 2 21 1 33
2020 2 21 1 33
2020 2 21 1 50
2020 2 21 1 50
2020 2 21 1 50
2020 2 21 1 50
2020 2 21 1 50
2020 2 21 1 50
2020 2 21 1 50
2020 2 21 2 1
2020 2 21 2 1
2020 2 21 2 1
2020 2 21 2 1
2020 2 21 2 1
2020 2 21 2 2
2020 2 21 2 4
2020 2 21 2 4
2020 2 21 2 4
2020 2 21 2 4
2020 2 21 2 4
2020 2 21 2 4
2020 2 21 9 42
2020 2 21 9 42
2020 2 21 9 42
2020 2 21 9 42
2020 2 21 9 44
2020 2 21 9 44
2020 2 21 9 48
2020 2 21 9 48
2020 2 21 9 48
2020 2 21 9 48
2020 2 21 9 48
2020 2 21 9 49
2020 2 21 9 49
2020 2 21 9 49
2020 2 21 9 49
2020 2 21 9 50
2020 2 21 9 53
2020 2 21 9 54
2020 2 21 9 58
2020 2 21 9 59
2020 2 21 10 4
2020 2 21 10 8
2020 2 21 11 0
2020 2 21 11 11
